[in]
13
12 6 6 6 6 6 12 12 12 12 12 12 12 12 12 12
12 9 3 12 6 6 9 3 12 9 12 9 12 12 6 6
3 6 6 12 3 3 9 9 6 6 6 6 6 12 6 6
12 3 6 12 6 6 6 12 12 12 12 3 12 9 6 6
3 12 12 12 3 3 6 9 9 9 9 12 9 9 12 12
9 3 3 9 6 12 3 6 3 3 9 6 3 9 3 3
12 9 6 6 12 6 6 6 6 12 12 6 6 6 9 9
12 9 3 3 6 9 3 6 3 9 12 3 3 6 6 6
3 12 6 12 6 12 12 6 3 9 9 6 3 3 3 3
12 12 12 9 6 12 12 3 9 3 3 12 9 3 12 12
6 12 12 12 6 9 3 3 12 3 9 9 12 6 12 12
3 12 12 9 9 6 6 12 6 9 9 9 6 12 3 3
3 0 0 0 0 0 0 0 0 0 0 0 0 0 0 0 0 0
[out]
2
9
11
15
11
12
16
19
16
19
14
14
-1
